
0 0 -40
1 0 -40
2 0 -40
3 0 -40
4 0 -40
5 0 -40
6 0 -40
7 0 -40
8 0 -40
9 0 -40

0 1 -40
1 1 -40
2 1 -40
3 1 -40
4 1 -40
5 1 -40
6 1 -40
7 1 -40
8 1 -40
9 1 -40

0 2 -40
1 2 -40
2 2 -40
3 2 -40
4 2 -40
5 2 -40
6 2 -40
7 2 -40
8 2 -40
9 2 -40

0 3 -40
1 3 290
2 3 290
3 3 290
4 3 290
5 3 -40
6 3 -40
7 3 280
8 3 280
9 3 280

0 4 280
1 4 -40
2 4 280
3 4 -40
4 4 280
5 4 -40
6 4 -40
7 4 -40
8 4 111
9 4 111

0 5 111
1 5 111
2 5 111
3 5 111
4 5 111
5 5 111
6 5 111
7 5 111
8 5 -40
9 5 102

0 6 -40
1 6 -40
2 6 -40
3 6 101
4 6 100
5 6 87
6 6 68
7 6 -40
8 6 -40
9 6 107

0 7 123
1 7 106
2 7 104
3 7 101
4 7 100
5 7 101
6 7 6
7 7 6
8 7 12
9 7 9

0 8 15
1 8 15
2 8 15
3 8 15
4 8 15
5 8 15
6 8 181
7 8 289
8 8 289
9 8 287

0 9 286
1 9 286
2 9 286
3 9 286
4 9 286
5 9 286
6 9 286
7 9 286
8 9 286
9 9 286

